=============================================
 Benchmark Results: Mon Apr 18 20:05:26 2022
 Program: ..\vm\benchmarks\circles_s.bin
 VM Mode: Stack
 Decoding: Bitmask

   Run    Elapsed (ms)  Dev. from mean
---------------------------------------------
     1     1852.640800       -1.778017
     2     1849.619400       -4.799417
     3     1849.908400       -4.510417
     4     1850.835600       -3.583217
     5     1851.726900       -2.691917
     6     1852.255600       -2.163217
     7     1850.914600       -3.504217
     8     1849.919800       -4.499017
     9     1850.268000       -4.150817
    10     1849.631600       -4.787217
    11     1850.174100       -4.244717
    12     1852.200600       -2.218217
    13     1850.110700       -4.308117
    14     1849.086300       -5.332517
    15     1850.175300       -4.243517
    16     1851.316900       -3.101917
    17     1851.730400       -2.688417
    18     1852.188000       -2.230817
    19     1850.862800       -3.556017
    20     1850.789300       -3.629517
    21     1849.833900       -4.584917
    22     1851.391600       -3.027217
    23     1850.491400       -3.927417
    24     1849.959800       -4.459017
    25     1850.402200       -4.016617
    26     1850.004500       -4.414317
    27     1849.914600       -4.504217
    28     1850.604800       -3.814017
    29     1850.438800       -3.980017
    30     1850.245300       -4.173517
    31     1851.398900       -3.019917
    32     1850.786700       -3.632117
    33     1855.167500        0.748683
    34     1850.936100       -3.482717
    35     1850.569700       -3.849117
    36     1851.013900       -3.404917
    37     1849.000300       -5.418517
    38     1849.570800       -4.848017
    39     1854.729200        0.310383
    40     1851.794200       -2.624617
    41     1850.963300       -3.455517
    42     1850.892500       -3.526317
    43     1850.779000       -3.639817
    44     1851.063000       -3.355817
    45     1850.499900       -3.918917
    46     1850.835600       -3.583217
    47     1851.403500       -3.015317
    48     1850.865600       -3.553217
    49     1851.395700       -3.023117
    50     1851.463800       -2.955017
    51     1850.200000       -4.218817
    52     1848.981600       -5.437217
    53     1849.815300       -4.603517
    54     1849.698500       -4.720317
    55     1852.306800       -2.112017
    56     1854.439900        0.021083
    57     1854.684300        0.265483
    58     1853.960700       -0.458117
    59     1854.260500       -0.158317
    60     1857.380500        2.961683
    61     1854.884800        0.465983
    62     1853.956600       -0.462217
    63     1853.611500       -0.807317
    64     1854.789100        0.370283
    65     1854.313500       -0.105317
    66     1853.837900       -0.580917
    67     1853.585900       -0.832917
    68     1854.745500        0.326683
    69     1854.825300        0.406483
    70     1854.105100       -0.313717
    71     1857.986000        3.567183
    72     1854.366800       -0.052017
    73     1853.287500       -1.131317
    74     1854.208700       -0.210117
    75     1854.245900       -0.172917
    76     1853.395100       -1.023717
    77     1856.829600        2.410783
    78     1853.851800       -0.567017
    79     1854.314900       -0.103917
    80     1854.470800        0.051983
    81     1855.825500        1.406683
    82     1854.557700        0.138883
    83     1854.238800       -0.180017
    84     1855.029600        0.610783
    85     1854.799200        0.380383
    86     1853.854400       -0.564417
    87     1854.111900       -0.306917
    88     1854.375500       -0.043317
    89     1854.511000        0.092183
    90     1854.351800       -0.067017
    91     1853.658300       -0.760517
    92     1853.431500       -0.987317
    93     1853.495200       -0.923617
    94     1854.456000        0.037183
    95     1857.726500        3.307683
    96     1857.475400        3.056583
    97     1857.740600        3.321783
    98     1854.829800        0.410983
    99     1855.629900        1.211083
   100     1854.774100        0.355283
   101     1855.134000        0.715183
   102     1853.509300       -0.909517
   103     1853.516800       -0.902017
   104     1854.241100       -0.177717
   105     1855.236500        0.817683
   106     1854.789200        0.370383
   107     1854.891100        0.472283
   108     1854.417600       -0.001217
   109     1858.115200        3.696383
   110     1854.643100        0.224283
   111     1855.064200        0.645383
   112     1854.683900        0.265083
   113     1854.315100       -0.103717
   114     1856.584900        2.166083
   115     1858.408900        3.990083
   116     1857.494500        3.075683
   117     1854.088600       -0.330217
   118     1853.084200       -1.334617
   119     1854.071400       -0.347417
   120     1857.423200        3.004383
   121     1855.303200        0.884383
   122     1854.302800       -0.116017
   123     1854.363900       -0.054917
   124     1854.765800        0.346983
   125     1858.253100        3.834283
   126     1854.959400        0.540583
   127     1854.911300        0.492483
   128     1853.538000       -0.880817
   129     1853.245300       -1.173517
   130     1867.055000       12.636183
   131     1880.424100       26.005283
   132     1853.257100       -1.161717
   133     1857.125400        2.706583
   134     1854.245900       -0.172917
   135     1854.471300        0.052483
   136     1856.833000        2.414183
   137     1854.872200        0.453383
   138     1854.761400        0.342583
   139     1854.442200        0.023383
   140     1854.703800        0.284983
   141     1854.796700        0.377883
   142     1857.546600        3.127783
   143     1854.849400        0.430583
   144     1855.288300        0.869483
   145     1860.164200        5.745383
   146     1855.123900        0.705083
   147     1859.481600        5.062783
   148     1854.501600        0.082783
   149     1854.066500       -0.352317
   150     1854.515800        0.096983
   151     1857.040300        2.621483
   152     1855.945400        1.526583
   153     1866.367600       11.948783
   154     1871.306400       16.887583
   155     1854.159400       -0.259417
   156     1852.937800       -1.481017
   157     1854.355100       -0.063717
   158     1862.906400        8.487583
   159     1854.418300       -0.000517
   160     1869.838000       15.419183
   161     1856.404700        1.985883
   162     1855.772800        1.353983
   163     1860.587100        6.168283
   164     1854.188100       -0.230717
   165     1854.085000       -0.333817
   166     1854.667700        0.248883
   167     1854.636400        0.217583
   168     1855.357000        0.938183
   169     1856.828100        2.409283
   170     1855.359900        0.941083
   171     1856.284600        1.865783
   172     1854.319800       -0.099017
   173     1855.150500        0.731683
   174     1858.413100        3.994283
   175     1855.608100        1.189283
   176     1854.904600        0.485783
   177     1856.727100        2.308283
   178     1856.075800        1.656983
   179     1857.883500        3.464683
   180     1857.759000        3.340183
   181     1854.884500        0.465683
   182     1854.510800        0.091983
   183     1854.900800        0.481983
   184     1855.983200        1.564383
   185     1857.298800        2.879983
   186     1853.981200       -0.437617
   187     1854.897100        0.478283
   188     1853.931700       -0.487117
   189     1853.479600       -0.939217
   190     1855.788900        1.370083
   191     1855.143700        0.724883
   192     1854.739100        0.320283
   193     1857.296900        2.878083
   194     1854.874900        0.456083
   195     1855.323700        0.904883
   196     1858.255600        3.836783
   197     1855.295600        0.876783
   198     1854.512700        0.093883
   199     1854.616200        0.197383
   200     1854.894900        0.476083
---------------------------------------------

  Mean run time:      1854.418817 ms.
  Standard deviation: 3.714288.
=============================================
